5705     134

3069     176

140801   452

6228     185

26121    160

5501     151

29102    276

6601     133

2004     208

5687     282

5440     162

55153    144

2068     149

4355     172

6155     171

1662     275

4998     130

58538    148

10114    328

6152     208

5684     212

1315     234

1841     321

5036     235

1742     488

4809     288

6192     157

22974    352

3020     206

2002     220

10291    207

2107     292

5691     172

6222     148

1340     132

4893     243

1537     338

1434     266

2931     130

2963     169

28998    137

6141     176

10856    283

23708    189

4905     190

10885    284

1460     238

29789    300

1457     453

6191     208

6120     165

1975     253

10595    135

23478    151

11072    145

2217     168

1477     172

22843    434

28985    213

136332   176

1104     182

5689     184

1278     255

203068   453

3304     248

6204     131

219699   160

1977     272

5710     155

25879    307

1964     396

4999     162

1655     257

5557     140

2705     144

5704     131

4143     257

51065    180

6194     220

2962     160

6132     232

6880     189

3113     202

2739     182

5034     160

3055     204

51602    245

23189    142

51082    138

11181    152

1654     335

2260     170

5431     225

58       135

3217     129

3066     221

11338    141

5683     242

10436    249

4088     159

10921    242

10313    131

3149     146

5688     185

2005     266

6133     219

4085     274

6139     208

284904   130

2987     291

27257    137

1536     207

4086     156

22916    182

23223    230

131578   217

5984     134

1017     511

2770     145

4356     242

10791    204

1854     213

3146     238

3845     285

5001     134

3309     356

23367    139

63899    134

121504   440

1740     516

6207     205

23604    170

137970   174

10327    202

6208     195

10808    183

23435    133

241      172

5901     199

1158     186

1058     152

3376     202

4215     184

4173     156

2058     318

11047    149

1520     197

22883    153

1729     220

6218     151

3576     153

10963    294

22800    195

6143     208

2213     208

11151    334

5042     332

54433    169

27340    157

54464    161

2091     568

4176     142

1656     197

2521     190

2736     130

25       166

11065    249

24148    136

10412    272

4713     132

6130     242

4691     222

23195    158

3688     138

51575    143

1371     142

3312     542

23521    459

5568     146

10730    195

23658    195

1983     262

4172     211

3276     285

51187    140

10565    165

54145    171

26953    133

2060     131

2064     250

1147     163

291      167

64398    135

27102    133

3978     147

2209     145

6128     232

4851     130

389      144

2794     251

2935     177

130399   192

11040    175

1111     282

31       149

3615     283

5594     171

57118    176

55003    135

1838     166

6187     191

1738     193

29088    131

6135     277

4436     138

10288    173

10189    450

1072     149

5063     138

10621    219

2673     177

10592    329

2309     162

23560    374

5062     159

10564    194

2932     146

5701     167

6142     175

5566     296

3837     187

2782     164

2197     282

2967     142

27127    219

1452     174

2308     136

3265     311

26986    537

27010    342

219      137

11222    201

4001     183

1033     224

3305     206

4677     136

4673     229

4144     181

1259     161

1022     330

51678    231

29925    228

1164     278

2033     265

1503     398

11157    210

3695     157

11335    252

10521    161

6175     211

3192     149

11056    222

6157     189

387      181

113130   135

10382    301

5708     150

10061    305

51343    142

2617     223

11044    180

165      181

3018     221

2547     185

4733     164

6138     172

1974     434

5494     228

1508     211

29777    143

5928     149

10914    263

29889    218

3181     164

11329    162

5430     247

5058     143

10728    183

1277     170

23288    181

6597     231

5204     145

51068    248

3936     175

4288     131

10924    157

10657    155

10398    141

3306     256

54606    165

55720    160

3115     138

347688   130

3313     143

11315    209

1026     241

123263   387

260425   336

23481    348

10946    264

23404    199

3843     193

3303     292

1938     430

191      259

51121    253

3646     179

1454     237

10131    166

23451    205

10987    153

54888    279

5495     251

2593     214

10095    229

2030     151

1973     461

2071     134

2737     234

3017     228

11103    410

248      145

10524    220

22837    160

56915    135

6160     185

23277    193

2182     190

204851   166

1723     228

150962   130

25873    332

3059     213

128312   276

27316    165

1967     208

3419     131

1018     279

2079     210

6595     202

3932     148

369      133

2268     147

6154     137

5441     214

6201     194

1436     280

5436     182

130      151

1535     131

5437     179

56648    134

1399     184

347733   162

11266    201

162966   228

51388    228

6159     132

1163     375

3329     272

2710     141

55272    168

2065     217

10213    262

126      155

1801     220

55695    243

71       151

11180    143

132      214

3608     188

5598     157

29927    221

115708   131

2357     183

5595     150

22948    258

6188     228

51639    146

526      292

6193     217

11309    139

6741     148

1739     487

3725     157

6230     135

1937     351

56342    133

112714   225

4706     151

4354     276

155100   140

6161     150

10294    266

10735    167

11200    268

10907    133

2099     261

23246    295

6117     233

220988   231

10915    131

10733    155

10581    146

55131    201

1337     168

10403    130

10574    183

2237     294

2162     151

1021     244

1965     265

10576    204

204      316

2        176

3015     326

10750    181

375      184

1650     135

11169    270

6202     231

27036    160

4361     231

3308     217

29997    205

143098   408

4331     199

16       158

3945     130

5434     239

207      243

10051    513

2645     146

1432     333

23212    237

2214     162

1736     525

1459     273

4931     130

1806     256

4087     148

22824    168

11035    135

2821     146

1859     134

3251     178

10607    265

509      140

10460    164

55299    224

3614     336

4666     228

1984     218

26135    147

151742   418

11184    130

221613   280

5499     171

1981     361

11128    219

23710    145

6223     154

10813    260

10289    163

3013     290

60       230

1363     171

144809   150

55226    195

1615     208

25824    139

212      207

5685     144

10262    182

10978    150

1281     146

2678     158

6125     272

1822     160

54512    177

506      283

3109     154

22934    221

51096    163

399818   142

1802     130

231      132

10575    328

2207     192

55703    162

11331    324

4089     132

2597     354

11260    176

498      166

10926    137

51018    130

1915     555

2775     203

134430   247

1879     160

11224    369

4067     168

23165    160

10528    528

221078   375

4174     255

1958     215

5435     239

1660     259

5888     137

10199    279

10594    209

4839     499

10935    172

26156    197

10527    131

51144    161

1528     172

1373     130

292      238

11112    136

2146     145

23517    266

6134     199

50617    134

10622    255

55176    164

5686     229

3148     196

26155    238

6166     141

10969    328

2633     137

11326    164

1386     138

26354    389

1293     154

11198    332

28987    256

5432     182

10452    228

5313     205

332      135

284942   142

55621    138

10399    665

387332   204

10992    133

11051    194

27258    253

11011    171

3678     158

25942    233

10785    272

4292     138

22978    156

25885    168

354      132

55723    153

2066     206

23411    130

10238    149

344      167

2806     141

1212     139

1455     202

126961   197

6667     175

51154    229

4171     198

10859    136

27032    147

1499     307

6124     245

1462     159

293      206

199      230

2634     143

6217     187

10606    296

1406     212

6147     154

128209   287

5567     247

10181    152

10314    168

3480     182

6137     225

4736     340

3921     517

317772   249

1456     140

51616    223

6165     171

23378    221

1043     167

7153     143

4093     135

23097    145

3014     340

6203     193

1794     153

1595     200

4678     149

1514     315

11156    131

5111     343

1192     166

1213     209

5714     136

22894    203

3836     135

1024     179

353      246

6123     192

152926   420

2305     202

23029    281

2335     168

1387     284

3689     244

1665     409

55132    157

26574    203

30834    133

260294   359

6136     243

128240   175

23405    322

2618     178

10959    170

10971    187

3012     292

59       161

3021     200

25842    187

3643     176

2819     138

6189     215

3320     498

2959     150

10975    138

2648     157

11091    137

10923    171

117246   308

6122     238

10381    229

6144     184

1347     151

10376    336

2767     148

1025     151

2885     359

10484    161

6210     205

1917     409

5170     141

56902    172

1398     137

4751     151

23005    146

10982    135

10558    136

5347     302

1431     272

255626   170

10312    170

1968     258

118788   157

1725     153

54517    207

2549     140

1509     220

1956     380

142      129

328      159

4175     160

170622   131

53944    139

10535    259

5690     220

55843    151

2203     214

150160   145

23603    245

1453     237

2072     217

366      159

3071     131

23450    151

4191     210

1603     130

10623    165

3065     249

158      212

22938    149

10598    178

10988    162

3841     157

5682     143

11025    201

27089    148

5315     173

1063     226

5983     164

10062    134

22919    157

2027     226

285855   156

23020    200

22908    135

3692     168

1741     457

388524   157

10437    424

54663    155

11130    177

1051     130

23633    208

6129     233

3178     178

6164     151

51119    132

6156     170

1478     170

11137    527

1642     174

3587     140

2534     232

201595   141

3326     552

1439     156

10390    176

55766    173

3838     186

1019     408

51118    167

4830     232

5496     323

1737     155

6229     129